ycb_004_sugar_box
0.50395567 0.00116105 0.74681757
0.43048849 0.43403991 0.55878717 0.56039799
0.49178 0.06644 0.87825 0.47841 0.84292 0.21788 0.11459 0.10505 0.12199 0.82515 0.82221 0.15476 0.27557 0.77596 0.77192 -0.20547 0.29704 0.76897 0.76545 -0.00194 -0.20308 0.35318 0.66678 0.66343 0.31059 0.92592 0.02105 0.35953 0.24191 0.69963 0.26743 1.00828 0.17584 -0.25601 -0.32528 -0.89316
0.08209 0.35185 0.99522 0.14818 0.58379 1.01838 -0.20072 0.53927 0.96608 0.10206 -0.20250 0.57154 0.84374 0.37721 0.87941 -0.13202 0.54386 0.31721

ycb_021_bleach_cleanser
0.50395567 0.00116105 0.73203895
 0.42091671 -0.56940955 -0.43684914 -0.55476546
0.41420 -0.02209 0.82328 0.45904 0.50257 0.62909 0.37543 0.03542 -0.16622 0.81941 0.81619 0.18817 -0.04946 0.91403 0.91057 -0.28050 -0.06051 1.00840 1.00546 -0.00087 -0.34616 -0.01277 0.99983 0.99750 0.15305 0.82488 0.14798 -0.19930 0.52892 0.45312 0.32958 1.02418 0.47230 -0.10367 -0.38492 -0.78614
-0.05158 0.00441 0.99987 0.13049 0.13223 1.10895 -0.22708 0.17310 1.19899 0.10206 -0.38122 0.19785 1.15995 0.32599 0.74122 -0.13600 0.41969 0.66042

ycb_024_bowl
0.50395567 0.00116105 0.72774935
 0.9999791  -0.00150379 -0.00100735 -0.00620626
0.51822 -0.02860 0.84288 0.37406 0.53206 0.66942 0.35898 -0.32415 0.76506 0.78446 0.78242 -0.02071 1.03910 0.65706 0.65602 -0.12989 -0.18682 0.69219 0.69105 0.10201 -0.34902 -0.26181 0.44597 0.44473 0.33513 0.94625 0.17820 0.17405 0.20349 0.63282 0.26136 0.94137 0.45058 -0.30081 -0.31790 -0.77809
-0.33346 0.85088 0.86004 -0.02144 -0.03935 0.65743 -0.12904 -0.18687 0.69112 0.10206 -0.45572 -0.30026 0.44135 0.41201 0.85847 -0.13755 0.36098 0.26534

ycb_062_dice
0.50395567 0.00116105 0.70881407
0.93880399 0.00340664 0.00244009 0.34442635
0.40228 0.04042 0.80295 0.55671 0.73433 0.34288 0.18240 -0.34860 0.10678 0.97884 0.98423 -0.00270 -0.18442 0.75285 0.75381 -0.22147 -0.17516 0.71321 0.71416 0.10198 -0.34907 0.07193 0.37619 0.37485 0.34308 0.80587 -0.18004 0.27474 0.29234 0.61043 0.14487 0.96079 0.16756 -0.22633 -0.20699 -0.93694
-0.35702 0.38074 0.83697 -0.00467 -0.18442 0.75033 -0.21994 -0.17536 0.71849 0.10206 -0.64353 0.07071 0.39241 0.36835 0.79680 -0.13809 0.33821 0.28066

